0000
4000
2000
1555
1000
0CCC
0AAA
0924
0800
071C
0666
05D1
0555
04EC
0492
0444
0400
03C3
038E
035E
0333
030C
02E8
02C8
02AA
028F
0276
025E
0249
0234
0222
0210
0200
01F0
01E1
01D4
01C7
01BA
01AF
01A4
0199
018F
0186
017D
0174
016C
0164
015C
0155
014E
0147
0141
013B
0135
012F
0129
0124
011F
011A
0115
0111
010C
0108
0104
0100
00FC
00F8
00F4
00F0
00ED
00EA
00E6
00E3
00E0
00DD
00DA
00D7
00D4
00D2
00CF
00CC
00CA
00C7
00C5
00C3
00C0
00BE
00BC
00BA
00B8
00B6
00B4
00B2
00B0
00AE
00AC
00AA
00A8
00A7
00A5
00A3
00A2
00A0
009F
009D
009C
009A
0099
0097
0096
0094
0093
0092
0090
008F
008E
008D
008C
008A
0089
0088
0087
0086
0085
0084
0083
0082
0081
0080
007F
007E
007D
007C
007B
007A
0079
0078
0077
0076
0075
0075
0074
0073
0072
0071
0070
0070
006F
006E
006D
006D
006C
006B
006B
006A
0069
0069
0068
0067
0067
0066
0065
0065
0064
0063
0063
0062
0062
0061
0060
0060
005F
005F
005E
005E
005D
005D
005C
005C
005B
005B
005A
005A
0059
0059
0058
0058
0057
0057
0056
0056
0055
0055
0054
0054
0054
0053
0053
0052
0052
0051
0051
0051
0050
0050
004F
004F
004F
004E
004E
004E
004D
004D
004C
004C
004C
004B
004B
004B
004A
004A
004A
0049
0049
0049
0048
0048
0048
0047
0047
0047
0046
0046
0046
0046
0045
0045
0045
0044
0044
0044
0043
0043
0043
0043
0042
0042
0042
0042
0041
0041
0041
0041
0040
0040
0040
0040
003F
003F
003F
003F
003E
003E
003E
003E
003D
003D
003D
003D
003C
003C
003C
003C
003C
003B
003B
003B
003B
003A
003A
003A
003A
003A
0039
0039
0039
0039
0039
0038
0038
0038
0038
0038
0037
0037
0037
0037
0037
0036
0036
0036
0036
0036
0036
0035
0035
0035
0035
0035
0035
0034
0034
0034
0034
0034
0034
0033
0033
0033
0033
0033
0033
0032
0032
0032
0032
0032
0032
0031
0031
0031
0031
0031
0031
0031
0030
0030
0030
0030
0030
0030
0030
002F
002F
002F
002F
002F
002F
002F
002E
002E
002E
002E
002E
002E
002E
002E
002D
002D
002D
002D
002D
002D
002D
002D
002C
002C
002C
002C
002C
002C
002C
002C
002B
002B
002B
002B
002B
002B
002B
002B
002B
002A
002A
002A
002A
002A
002A
002A
002A
002A
0029
0029
0029
0029
0029
0029
0029
0029
0029
0028
0028
0028
0028
0028
0028
0028
0028
0028
0028
0027
0027
0027
0027
0027
0027
0027
0027
0027
0027
0027
0026
0026
0026
0026
0026
0026
0026
0026
0026
0026
0026
0025
0025
0025
0025
0025
0025
0025
0025
0025
0025
0025
0024
0024
0024
0024
0024
0024
0024
0024
0024
0024
0024
0024
0024
0023
0023
0023
0023
0023
0023
0023
0023
0023
0023
0023
0023
0023
0022
0022
0022
0022
0022
0022
0022
0022
0022
0022
0022
0022
0022
0021
0021
0021
0021
0021
0021
0021
0021
0021
0021
0021
0021
0021
0021
0021
0020
0020
0020
0020
0020
0020
0020
0020
0020
0020
0020
0020
0020
0020
0020
0020
001F
001F
001F
001F
001F
001F
001F
001F
001F
001F
001F
001F
001F
001F
001F
001F
001E
001E
001E
001E
001E
001E
001E
001E
001E
001E
001E
001E
001E
001E
001E
001E
001E
001E
001D
001D
001D
001D
001D
001D
001D
001D
001D
001D
001D
001D
001D
001D
001D
001D
001D
001D
001C
001C
001C
001C
001C
001C
001C
001C
001C
001C
001C
001C
001C
001C
001C
001C
001C
001C
001C
001C
001C
001B
001B
001B
001B
001B
001B
001B
001B
001B
001B
001B
001B
001B
001B
001B
001B
001B
001B
001B
001B
001B
001A
001A
001A
001A
001A
001A
001A
001A
001A
001A
001A
001A
001A
001A
001A
001A
001A
001A
001A
001A
001A
001A
001A
001A
0019
0019
0019
0019
0019
0019
0019
0019
0019
0019
0019
0019
0019
0019
0019
0019
0019
0019
0019
0019
0019
0019
0019
0019
0019
0018
0018
0018
0018
0018
0018
0018
0018
0018
0018
0018
0018
0018
0018
0018
0018
0018
0018
0018
0018
0018
0018
0018
0018
0018
0018
0018
0017
0017
0017
0017
0017
0017
0017
0017
0017
0017
0017
0017
0017
0017
0017
0017
0017
0017
0017
0017
0017
0017
0017
0017
0017
0017
0017
0017
0017
0017
0016
0016
0016
0016
0016
0016
0016
0016
0016
0016
0016
0016
0016
0016
0016
0016
0016
0016
0016
0016
0016
0016
0016
0016
0016
0016
0016
0016
0016
0016
0016
0016
0015
0015
0015
0015
0015
0015
0015
0015
0015
0015
0015
0015
0015
0015
0015
0015
0015
0015
0015
0015
0015
0015
0015
0015
0015
0015
0015
0015
0015
0015
0015
0015
0015
0015
0015
0015
0014
0014
0014
0014
0014
0014
0014
0014
0014
0014
0014
0014
0014
0014
0014
0014
0014
0014
0014
0014
0014
0014
0014
0014
0014
0014
0014
0014
0014
0014
0014
0014
0014
0014
0014
0014
0014
0014
0014
0013
0013
0013
0013
0013
0013
0013
0013
0013
0013
0013
0013
0013
0013
0013
0013
0013
0013
0013
0013
0013
0013
0013
0013
0013
0013
0013
0013
0013
0013
0013
0013
0013
0013
0013
0013
0013
0013
0013
0013
0013
0013
0013
0012
0012
0012
0012
0012
0012
0012
0012
0012
0012
0012
0012
0012
0012
0012
0012
0012
0012
0012
0012
0012
0012
0012
0012
0012
0012
0012
0012
0012
0012
0012
0012
0012
0012
0012
0012
0012
0012
0012
0012
0012
0012
0012
0012
0012
0012
0012
0012
0011
0011
0011
0011
0011
0011
0011
0011
0011
0011
0011
0011
0011
0011
0011
0011
0011
0011
0011
0011
0011
0011
0011
0011
0011
0011
0011
0011
0011
0011
0011
0011
0011
0011
0011
0011
0011
0011
0011
0011
0011
0011
0011
0011
0011
0011
0011
0011
0011
0011
0011
0011
0011
0010
0010
0010
0010
0010
0010
0010
0010
0010
0010
0010
0010
0010
0010
0010
0010
0010
0010
0010
0010
0010
0010
0010
0010
0010
0010
0010
0010
0010
0010
0010
0010
0010
0010
0010
0010
0010
0010
0010
0010
0010
0010
0010
0010
0010
0010
0010
0010
0010
0010
0010
0010
0010
0010
0010
0010
0010
0010
0010
0010

