1.000000
0.997080
0.999987
0.407755
1.000000
0.999995
0.948569
0.416994
0.656626
0.697796
0.027299
0.907972
0.014783
0.160736
0.009056
1.000000
0.575028
0.042019
0.001485
0.006113
0.024332
0.787234
0.021728
0.006462
0.018529
0.084839
0.916459
0.998481
0.039135
0.931065
0.435415
0.999918
0.002026
0.005441
0.016675
0.998298
0.998814
0.940722
0.549942
1.000000
0.999949
0.781627
0.428855
0.003860
0.010080
0.000462
1.000000
0.998295
0.014555
0.000620
0.999996
0.004788
0.246273
0.001077
0.752984
0.297186
0.997607
0.577371
0.990016
0.821649
0.187034
0.729277
0.014312
0.309938
0.019621
0.010530
0.002606
0.289788
0.123442
0.505391
0.012438
0.940600
0.007888
0.986088
0.991125
0.004374
0.079381
0.391560
0.979106
0.046935
0.015848
0.862928
0.606938
0.999474
0.000554
0.007227
0.072712
0.031616
0.060204
1.000000
0.951190
0.006482
0.999951
0.440335
0.968891
0.002358
0.996096
0.086574
0.009441
0.086347
0.993234
0.988211
0.728443
1.000000
0.004019
0.931271
0.582425
0.986147
0.998696
1.000000
0.125174
0.955853
0.103477
0.370165
0.887525
0.292821
0.999963
0.850646
0.004754
0.164522
0.827976
0.019174
0.005530
0.999905
0.037157
1.000000
0.008344
0.268419
0.436750
0.999848
0.276225
1.000000
0.010772
0.005542
0.731489
0.120308
0.999842
1.000000
0.998030
0.603695
0.080921
0.917221
0.999569
0.049399
0.003274
0.993327
1.000000
0.083111
0.104532
0.998558
0.372082
0.999929
0.963974
0.824647
0.157384
0.966200
0.005998
0.997914
1.000000
0.019917
0.005796
0.980876
0.005584
0.999990
0.035964
0.012570
0.906171
0.076914
0.002719
0.074785
0.000301
0.536345
0.264898
0.998462
0.006309
1.000000
1.000000
0.994743
0.063308
0.999556
0.009276
0.958081
0.012097
0.011341
0.997515
0.874566
0.455318
0.806184
0.737651
0.229697
0.007820
0.000471
0.999964
0.670067
0.999667
1.000000
0.999862
0.999801
0.019083
0.033206
0.999662
1.000000
0.000608
0.009228
0.008119
0.607911
0.205415
0.998768
0.020185
0.896013
0.002571
0.995584
0.012823
0.018176
0.999252
0.004811
0.012644
0.017957
0.019809
0.000588
0.814882
0.004915
0.073087
0.510886
1.000000
0.007509
0.940449
0.872807
0.971965
0.000824
0.034587
0.353725
0.696435
0.000262
0.041534
0.016917
1.000000
0.042215
0.054589
0.013925
0.995758
0.263352
0.089281
0.588171
0.268137
0.098467
0.857100
0.048976
0.883194
0.999998
0.996223
0.250057
0.998476
1.000000
0.997540
0.538073
